black
4
-5
-1
5
-1
5
1
-5
1

black
4
-1
-5
1
-5
1
3
-1
3

black
4
-3
-5
3
-5
3
-3
-3
-3

black
4
-3
5
1
5
1
7
-3
7

black
4
-5
-3
-3
-3
-3
5
-5
5

black
4
3
-3
5
-3
5
3
3
3

black
40
-5
-3
-4.9923896789550781
-3.1743113994598389
-4.9696154594421387
-3.3472962379455566
-4.9318513870239258
-3.5176382064819336
-4.8793849945068359
-3.6840403079986572
-4.8126153945922852
-3.8452365398406982
-4.732050895690918
-4
-4.6383042335510254
-4.1471529006958008
-4.5320887565612793
-4.2855753898620605
-4.4142136573791504
-4.4142136573791504
-4.2855753898620605
-4.5320887565612793
-4.1471529006958008
-4.6383042335510254
-4
-4.732050895690918
-3.8452365398406982
-4.8126153945922852
-3.6840403079986572
-4.8793849945068359
-3.5176382064819336
-4.9318513870239258
-3.3472962379455566
-4.9696154594421387
-3.1743113994598389
-4.9923896789550781
-3
-5
-3
-5
-3
-3.0099999904632568
-3
-3.0099999904632568
-3.0008716583251953
-3.0099618434906006
-3.0017364025115967
-3.0098481178283691
-3.0025882720947266
-3.0096592903137207
-3.0034201145172119
-3.009397029876709
-3.0042262077331543
-3.0090630054473877
-3.005000114440918
-3.0086603164672852
-3.0057358741760254
-3.0081915855407715
-3.0064277648925781
-3.0076603889465332
-3.0070710182189941
-3.0070710182189941
-3.0076603889465332
-3.0064277648925781
-3.0081915855407715
-3.0057358741760254
-3.0086603164672852
-3.005000114440918
-3.0090630054473877
-3.0042262077331543
-3.009397029876709
-3.0034201145172119
-3.0096592903137207
-3.0025882720947266
-3.0098481178283691
-3.0017364025115967
-3.0099618434906006
-3.0008716583251953
-3.0099999904632568
-3

black
40
3
-5
3.1743113994598389
-4.9923896789550781
3.3472962379455566
-4.9696154594421387
3.5176382064819336
-4.9318513870239258
3.6840403079986572
-4.8793849945068359
3.8452365398406982
-4.8126153945922852
4
-4.732050895690918
4.1471529006958008
-4.6383042335510254
4.2855753898620605
-4.5320887565612793
4.4142136573791504
-4.4142136573791504
4.5320887565612793
-4.2855753898620605
4.6383042335510254
-4.1471529006958008
4.732050895690918
-4
4.8126153945922852
-3.8452365398406982
4.8793849945068359
-3.6840403079986572
4.9318513870239258
-3.5176382064819336
4.9696154594421387
-3.3472962379455566
4.9923896789550781
-3.1743113994598389
5
-3
5
-3
3.0099999904632568
-3
3.0099999904632568
-3
3.0099618434906006
-3.0008716583251953
3.0098481178283691
-3.0017364025115967
3.0096592903137207
-3.0025882720947266
3.009397029876709
-3.0034201145172119
3.0090630054473877
-3.0042262077331543
3.0086603164672852
-3.005000114440918
3.0081915855407715
-3.0057358741760254
3.0076603889465332
-3.0064277648925781
3.0070710182189941
-3.0070710182189941
3.0064277648925781
-3.0076603889465332
3.0057358741760254
-3.0081915855407715
3.005000114440918
-3.0086603164672852
3.0042262077331543
-3.0090630054473877
3.0034201145172119
-3.009397029876709
3.0025882720947266
-3.0096592903137207
3.0017364025115967
-3.0098481178283691
3.0008716583251953
-3.0099618434906006
3
-3.0099999904632568

black
40
-3
7
-3.1743113994598389
6.9923896789550781
-3.3472962379455566
6.9696154594421387
-3.5176382064819336
6.9318513870239258
-3.6840403079986572
6.8793849945068359
-3.8452365398406982
6.8126153945922852
-4
6.732050895690918
-4.1471529006958008
6.6383042335510254
-4.2855753898620605
6.5320887565612793
-4.4142136573791504
6.4142136573791504
-4.5320887565612793
6.2855753898620605
-4.6383042335510254
6.1471529006958008
-4.732050895690918
6
-4.8126153945922852
5.8452367782592773
-4.8793849945068359
5.6840400695800781
-4.9318513870239258
5.5176382064819336
-4.9696154594421387
5.3472962379455566
-4.9923896789550781
5.174311637878418
-5
5
-5
5
-3.0099999904632568
5
-3.0099999904632568
5
-3.0099618434906006
5.0008716583251953
-3.0098481178283691
5.0017366409301758
-3.0096592903137207
5.0025882720947266
-3.009397029876709
5.003420352935791
-3.0090630054473877
5.0042262077331543
-3.0086603164672852
5.005000114440918
-3.0081915855407715
5.0057358741760254
-3.0076603889465332
5.0064277648925781
-3.0070710182189941
5.0070710182189941
-3.0064277648925781
5.0076603889465332
-3.0057358741760254
5.0081915855407715
-3.005000114440918
5.0086603164672852
-3.0042262077331543
5.0090632438659668
-3.0034201145172119
5.009397029876709
-3.0025882720947266
5.0096592903137207
-3.0017364025115967
5.0098481178283691
-3.0008716583251953
5.0099620819091797
-3
5.0100002288818359

black
40
5
3
4.9923896789550781
3.1743113994598389
4.9696154594421387
3.3472962379455566
4.9318513870239258
3.5176382064819336
4.8793849945068359
3.6840403079986572
4.8126153945922852
3.8452365398406982
4.732050895690918
4
4.6383042335510254
4.1471529006958008
4.5320887565612793
4.2855753898620605
4.4142136573791504
4.4142136573791504
4.2855753898620605
4.5320887565612793
4.1471529006958008
4.6383042335510254
4
4.732050895690918
3.8452365398406982
4.8126153945922852
3.6840403079986572
4.8793849945068359
3.5176382064819336
4.9318513870239258
3.3472962379455566
4.9696154594421387
3.1743113994598389
4.9923896789550781
3
5
3
5
3
3.0099999904632568
3
3.0099999904632568
3.0008716583251953
3.0099618434906006
3.0017364025115967
3.0098481178283691
3.0025882720947266
3.0096592903137207
3.0034201145172119
3.009397029876709
3.0042262077331543
3.0090630054473877
3.005000114440918
3.0086603164672852
3.0057358741760254
3.0081915855407715
3.0064277648925781
3.0076603889465332
3.0070710182189941
3.0070710182189941
3.0076603889465332
3.0064277648925781
3.0081915855407715
3.0057358741760254
3.0086603164672852
3.005000114440918
3.0090630054473877
3.0042262077331543
3.009397029876709
3.0034201145172119
3.0096592903137207
3.0025882720947266
3.0098481178283691
3.0017364025115967
3.0099618434906006
3.0008716583251953
3.0099999904632568
3

black
40
1
5
1.007610559463501
4.825688362121582
1.0303845405578613
4.6527037620544434
1.0681483745574951
4.4823617935180664
1.120614767074585
4.3159599304199219
1.1873843669891357
4.1547632217407227
1.2679492235183716
4
1.3616958856582642
3.8528470993041992
1.4679111242294312
3.7144246101379395
1.5857864618301392
3.5857863426208496
1.714424729347229
3.4679112434387207
1.8528470993041992
3.3616957664489746
2
3.267949104309082
2.1547634601593018
3.1873843669891357
2.3159596920013428
3.120614767074585
2.4823617935180664
3.0681483745574951
2.6527037620544434
3.0303845405578613
2.8256886005401611
3.007610559463501
3
3
3
3
3
4.9899997711181641
3
4.9899997711181641
2.9991283416748047
4.9900379180908203
2.9982635974884033
4.9901518821716309
2.9974117279052734
4.9903407096862793
2.9965798854827881
4.990602970123291
2.9957737922668457
4.9909367561340332
2.994999885559082
4.9913396835327148
2.9942641258239746
4.9918084144592285
2.9935722351074219
4.9923396110534668
2.9929289817810059
4.9929289817810059
2.9923396110534668
4.9935722351074219
2.9918084144592285
4.9942641258239746
2.9913396835327148
4.994999885559082
2.9909369945526123
4.9957737922668457
2.990602970123291
4.996579647064209
2.9903407096862793
4.9974117279052734
2.9901518821716309
4.9982633590698242
2.9900381565093994
4.9991283416748047
2.9900000095367432
5

black
40
3
5
2.992389440536499
5.174311637878418
2.9696154594421387
5.3472962379455566
2.9318516254425049
5.5176382064819336
2.879385232925415
5.6840400695800781
2.8126156330108643
5.8452367782592773
2.732050895690918
6
2.6383042335510254
6.1471529006958008
2.5320887565612793
6.2855753898620605
2.4142136573791504
6.4142136573791504
2.2855753898620605
6.5320887565612793
2.1471529006958008
6.6383042335510254
2
6.732050895690918
1.8452365398406982
6.8126153945922852
1.6840403079986572
6.8793849945068359
1.517638087272644
6.9318513870239258
1.3472963571548462
6.9696154594421387
1.1743115186691284
6.9923896789550781
1
7
1
7
1
5.0100002288818359
1
5.0100002288818359
1.0008715391159058
5.0099620819091797
1.0017365217208862
5.0098481178283691
1.002588152885437
5.0096592903137207
1.0034202337265015
5.009397029876709
1.0042262077331543
5.0090632438659668
1.0049999952316284
5.0086603164672852
1.0057357549667358
5.0081915855407715
1.0064278841018677
5.0076603889465332
1.0070710182189941
5.0070710182189941
1.0076603889465332
5.0064277648925781
1.0081914663314819
5.0057358741760254
1.0086601972579956
5.005000114440918
1.0090631246566772
5.0042262077331543
1.0093969106674194
5.003420352935791
1.0096592903137207
5.0025882720947266
1.0098481178283691
5.0017366409301758
1.0099619626998901
5.0008716583251953
1.0099999904632568
5

white
4
-3
-0.85000002384185791
-1
-0.85000002384185791
-1
-0.80000001192092896
-3
-0.80000001192092896

white
4
3
0.85000002384185791
1
0.85000002384185791
1
0.80000001192092896
3
0.80000001192092896

white
4
1
-0.85000002384185791
3
-0.85000002384185791
3
-0.80000001192092896
1
-0.80000001192092896

white
4
-1
0.85000002384185791
-3
0.85000002384185791
-3
0.80000001192092896
-1
0.80000001192092896

white
4
-0.85000002384185791
1
-0.80000001192092896
1
-0.80000001192092896
3
-0.85000002384185791
3

white
4
0.85000002384185791
3
0.80000001192092896
3
0.80000001192092896
1
0.85000002384185791
1

white
4
-0.85000002384185791
-3
-0.80000001192092896
-3
-0.80000001192092896
-1
-0.85000002384185791
-1

white
4
0.85000002384185791
-1
0.80000001192092896
-1
0.80000001192092896
-3
0.85000002384185791
-3

white
4
-3
-3.2000000476837158
-1
-3.2000000476837158
-1
-3.1500000953674316
-3
-3.1500000953674316

white
4
3
-3.1500000953674316
1
-3.1500000953674316
1
-3.2000000476837158
3
-3.2000000476837158

white
4
-3
-4.8000001907348633
-1
-4.8000001907348633
-1
-4.75
-3
-4.75

white
4
3
-4.75
1
-4.75
1
-4.8000001907348633
3
-4.8000001907348633

white
4
-3.2000000476837158
-3
-3.1500000953674316
-3
-3.1500000953674316
-1
-3.2000000476837158
-1

white
4
3.2000000476837158
3
3.1500000953674316
3
3.1500000953674316
1
3.2000000476837158
1

white
4
-3.2000000476837158
3
-3.1500000953674316
3
-3.1500000953674316
5
-3.2000000476837158
5

white
4
3.2000000476837158
-1
3.1500000953674316
-1
3.1500000953674316
-3
3.2000000476837158
-3

white
4
-3.2000000476837158
1
-3.1500000953674316
1
-3.1500000953674316
3
-3.2000000476837158
3

white
4
-4.8000001907348633
-3
-4.75
-3
-4.75
-1
-4.8000001907348633
-1

white
4
4.8000001907348633
3
4.75
3
4.75
1
4.8000001907348633
1

white
4
-4.8000001907348633
3
-4.75
3
-4.75
5
-4.8000001907348633
5

white
4
4.8000001907348633
-1
4.75
-1
4.75
-3
4.8000001907348633
-3

white
4
-4.8000001907348633
1
-4.75
1
-4.75
3
-4.8000001907348633
3

white
4
-3
-3.2000000476837158
-1
-3.2000000476837158
-1
-3.1500000953674316
-3
-3.1500000953674316

white
4
-3
-4.8000001907348633
-1
-4.8000001907348633
-1
-4.75
-3
-4.75

white
4
3
-4.75
1
-4.75
1
-4.8000001907348633
3
-4.8000001907348633

white
4
-3
6.75
1
6.75
1
6.8000001907348633
-3
6.8000001907348633

white
4
-3
5.1500000953674316
1
5.1500000953674316
1
5.1999998092651367
-3
5.1999998092651367

white
40
-4.8000001907348633
-3
-4.7931504249572754
-3.1568803787231445
-4.7726540565490723
-3.3125667572021484
-4.7386665344238281
-3.465874195098877
-4.6914467811584473
-3.6156363487243652
-4.6313538551330566
-3.7607128620147705
-4.5588455200195313
-3.9000000953674316
-4.4744739532470703
-4.0324373245239258
-4.3788800239562988
-4.157017707824707
-4.2727923393249512
-4.2727923393249512
-4.157017707824707
-4.3788800239562988
-4.0324373245239258
-4.4744739532470703
-3.9000000953674316
-4.5588455200195313
-3.7607128620147705
-4.6313538551330566
-3.6156363487243652
-4.6914467811584473
-3.465874195098877
-4.7386665344238281
-3.3125667572021484
-4.7726540565490723
-3.1568803787231445
-4.7931504249572754
-3
-4.8000001907348633
-3
-4.8000001907348633
-3
-4.75
-3
-4.75
-3.1525225639343262
-4.7433404922485352
-3.3038842678070068
-4.7234134674072266
-3.4529333114624023
-4.6903700828552246
-3.5985350608825684
-4.6444621086120605
-3.739581823348999
-4.5860385894775391
-3.8749997615814209
-4.5155444145202637
-4.003758430480957
-4.4335165023803711
-4.1248779296875
-4.3405780792236328
-4.2374372482299805
-4.2374367713928223
-4.3405780792236328
-4.1248784065246582
-4.4335160255432129
-4.003758430480957
-4.5155444145202637
-3.875
-4.5860385894775391
-3.7395820617675781
-4.6444621086120605
-3.5985352993011475
-4.6903700828552246
-3.4529333114624023
-4.7234134674072266
-3.3038845062255859
-4.7433404922485352
-3.1525225639343262
-4.75
-3.0000002384185791

white
40
4.8000001907348633
3
4.7931504249572754
3.1568803787231445
4.7726540565490723
3.3125667572021484
4.7386665344238281
3.465874195098877
4.6914467811584473
3.6156363487243652
4.6313538551330566
3.7607128620147705
4.5588455200195313
3.9000000953674316
4.4744739532470703
4.0324373245239258
4.3788800239562988
4.157017707824707
4.2727923393249512
4.2727923393249512
4.157017707824707
4.3788800239562988
4.0324373245239258
4.4744739532470703
3.9000000953674316
4.5588455200195313
3.7607128620147705
4.6313538551330566
3.6156363487243652
4.6914467811584473
3.465874195098877
4.7386665344238281
3.3125667572021484
4.7726540565490723
3.1568803787231445
4.7931504249572754
3
4.8000001907348633
3
4.8000001907348633
3
4.75
3
4.75
3.1525225639343262
4.7433404922485352
3.3038845062255859
4.7234134674072266
3.4529333114624023
4.6903700828552246
3.5985352993011475
4.6444621086120605
3.7395820617675781
4.5860385894775391
3.875
4.5155444145202637
4.0037589073181152
4.4335160255432129
4.1248784065246582
4.3405776023864746
4.2374367713928223
4.2374367713928223
4.3405780792236328
4.1248784065246582
4.4335160255432129
4.0037589073181152
4.5155444145202637
3.875
4.5860385894775391
3.7395820617675781
4.6444621086120605
3.5985352993011475
4.6903700828552246
3.4529333114624023
4.7234134674072266
3.3038842678070068
4.7433404922485352
3.1525225639343262
4.75
3

white
40
3
-4.8000001907348633
3.1568803787231445
-4.7931504249572754
3.3125667572021484
-4.7726540565490723
3.465874195098877
-4.7386665344238281
3.6156363487243652
-4.6914467811584473
3.7607128620147705
-4.6313538551330566
3.9000000953674316
-4.5588455200195313
4.0324373245239258
-4.4744739532470703
4.157017707824707
-4.3788800239562988
4.2727923393249512
-4.2727923393249512
4.3788800239562988
-4.157017707824707
4.4744739532470703
-4.0324373245239258
4.5588455200195313
-3.9000000953674316
4.6313538551330566
-3.7607128620147705
4.6914467811584473
-3.6156363487243652
4.7386665344238281
-3.465874195098877
4.7726540565490723
-3.3125667572021484
4.7931504249572754
-3.1568803787231445
4.8000001907348633
-3
4.8000001907348633
-3
4.75
-3
4.75
-3
4.7433404922485352
-3.1525225639343262
4.7234134674072266
-3.3038842678070068
4.6903700828552246
-3.4529333114624023
4.6444621086120605
-3.5985352993011475
4.5860385894775391
-3.7395820617675781
4.5155444145202637
-3.875
4.4335160255432129
-4.0037589073181152
4.3405780792236328
-4.1248784065246582
4.2374367713928223
-4.2374367713928223
4.1248784065246582
-4.3405776023864746
4.0037589073181152
-4.4335160255432129
3.875
-4.5155444145202637
3.7395820617675781
-4.5860385894775391
3.5985352993011475
-4.6444621086120605
3.4529333114624023
-4.6903700828552246
3.3038845062255859
-4.7234134674072266
3.1525225639343262
-4.7433404922485352
3
-4.75

white
40
-3
6.8000001907348633
-3.1568803787231445
6.7931504249572754
-3.3125667572021484
6.7726540565490723
-3.465874195098877
6.7386665344238281
-3.6156363487243652
6.6914467811584473
-3.7607128620147705
6.6313538551330566
-3.9000000953674316
6.5588455200195313
-4.0324373245239258
6.4744739532470703
-4.157017707824707
6.3788800239562988
-4.2727923393249512
6.2727923393249512
-4.3788800239562988
6.157017707824707
-4.4744739532470703
6.0324373245239258
-4.5588455200195313
5.9000000953674316
-4.6313538551330566
5.7607126235961914
-4.6914467811584473
5.6156363487243652
-4.7386665344238281
5.465874195098877
-4.7726540565490723
5.3125667572021484
-4.7931504249572754
5.1568803787231445
-4.8000001907348633
5
-4.8000001907348633
5
-4.75
5
-4.75
5
-4.7433404922485352
5.1525225639343262
-4.7234134674072266
5.3038845062255859
-4.6903700828552246
5.4529333114624023
-4.6444621086120605
5.5985355377197266
-4.5860385894775391
5.7395820617675781
-4.5155444145202637
5.875
-4.4335160255432129
6.0037589073181152
-4.3405776023864746
6.1248784065246582
-4.2374367713928223
6.2374367713928223
-4.1248784065246582
6.3405776023864746
-4.0037589073181152
6.4335160255432129
-3.875
6.5155444145202637
-3.7395820617675781
6.5860385894775391
-3.5985350608825684
6.6444621086120605
-3.4529333114624023
6.6903700828552246
-3.3038842678070068
6.7234134674072266
-3.1525225639343262
6.7433404922485352
-3
6.75

white
40
2.7999999523162842
5
2.7931504249572754
5.1568803787231445
2.7726540565490723
5.3125667572021484
2.7386665344238281
5.465874195098877
2.6914467811584473
5.6156363487243652
2.6313538551330566
5.7607126235961914
2.5588457584381104
5.9000000953674316
2.4744737148284912
6.0324373245239258
2.3788800239562988
6.157017707824707
2.2727923393249512
6.2727923393249512
2.157017707824707
6.3788800239562988
2.0324375629425049
6.4744739532470703
1.8999999761581421
6.5588455200195313
1.7607128620147705
6.6313538551330566
1.6156362295150757
6.6914467811584473
1.4658743143081665
6.7386665344238281
1.3125667572021484
6.7726540565490723
1.1568803787231445
6.7931504249572754
1
6.8000001907348633
1
6.8000001907348633
0.99999994039535522
6.75
0.99999994039535522
6.75
1.1525226831436157
6.7433404922485352
1.3038843870162964
6.7234134674072266
1.4529333114624023
6.6903700828552246
1.5985352993011475
6.6444621086120605
1.7395819425582886
6.5860385894775391
1.875
6.5155444145202637
2.0037589073181152
6.4335160255432129
2.1248784065246582
6.3405776023864746
2.2374367713928223
6.2374367713928223
2.3405778408050537
6.1248784065246582
2.4335160255432129
6.0037589073181152
2.5155444145202637
5.875
2.5860385894775391
5.7395820617675781
2.6444621086120605
5.5985350608825684
2.6903700828552246
5.4529333114624023
2.7234134674072266
5.3038845062255859
2.7433407306671143
5.1525225639343262
2.75
5

white
40
1.1499999761581421
5
1.1570397615432739
4.8387618064880371
1.1781057119369507
4.6787509918212891
1.2130372524261475
4.5211849212646484
1.2615686655044556
4.3672628402709961
1.3233306407928467
4.2181563377380371
1.3978530168533325
4.0749998092651367
1.48456871509552
3.9388835430145264
1.5828177928924561
3.8108429908752441
1.6918524503707886
3.6918525695800781
1.8108428716659546
3.5828177928924561
1.9388835430145264
3.4845685958862305
2.0750000476837158
3.397852897644043
2.2181563377380371
3.3233306407928467
2.3672628402709961
3.261568546295166
2.5211846828460693
3.2130372524261475
2.6787509918212891
3.1781058311462402
2.8387618064880371
3.1570396423339844
3
3.1500000953674316
3
3.1500000953674316
3
3.2000000476837158
3
3.2000000476837158
2.8431196212768555
3.2068495750427246
2.6874332427978516
3.2273459434509277
2.534125804901123
3.2613334655761719
2.3843638896942139
3.3085532188415527
2.2392873764038086
3.3686459064483643
2.1000001430511475
3.4411540031433105
1.9675625562667847
3.5255260467529297
1.8429825305938721
3.6211199760437012
1.7272076606750488
3.7272078990936279
1.6211199760437012
3.842982292175293
1.5255262851715088
3.9675624370574951
1.4411542415618896
4.0999999046325684
1.3686460256576538
4.2392873764038086
1.3085533380508423
4.3843636512756348
1.2613335847854614
4.534125804901123
1.2273460626602173
4.6874332427978516
1.2068495750427246
4.8431196212768555
1.2000000476837158
5

white
40
-4.0250000953674316
-3
-4.0210995674133301
-3.0893347263336182
-4.0094280242919922
-3.1779894828796387
-3.9900739192962646
-3.2652895450592041
-3.9631848335266113
-3.3505706787109375
-3.9289655685424805
-3.4331836700439453
-3.8876760005950928
-3.5125000476837158
-3.8396308422088623
-3.5879158973693848
-3.7851955890655518
-3.6588573455810547
-3.7247843742370605
-3.7247843742370605
-3.6588573455810547
-3.7851955890655518
-3.5879158973693848
-3.8396308422088623
-3.5125000476837158
-3.8876760005950928
-3.4331836700439453
-3.9289655685424805
-3.3505706787109375
-3.9631848335266113
-3.2652895450592041
-3.9900739192962646
-3.1779894828796387
-4.0094280242919922
-3.0893347263336182
-4.0210995674133301
-3
-4.0250000953674316
-3
-4.0250000953674316
-3
-3.9749999046325684
-3
-3.9749999046325684
-3.0849769115447998
-3.9712898731231689
-3.1693069934844971
-3.9601874351501465
-3.2523484230041504
-3.9417777061462402
-3.3334696292877197
-3.9162003993988037
-3.4120526313781738
-3.8836500644683838
-3.4874999523162842
-3.8443748950958252
-3.559237003326416
-3.7986733913421631
-3.6267178058624268
-3.7468934059143066
-3.6894292831420898
-3.6894290447235107
-3.7468934059143066
-3.6267178058624268
-3.798673152923584
-3.559237003326416
-3.8443746566772461
-3.4874999523162842
-3.8836500644683838
-3.4120528697967529
-3.9162001609802246
-3.3334696292877197
-3.9417777061462402
-3.2523486614227295
-3.9601874351501465
-3.1693069934844971
-3.9712898731231689
-3.0849769115447998
-3.9749999046325684
-3

white
40
4.0250000953674316
3
4.0210995674133301
3.0893347263336182
4.0094280242919922
3.1779894828796387
3.9900739192962646
3.2652895450592041
3.9631848335266113
3.3505706787109375
3.9289655685424805
3.4331836700439453
3.8876760005950928
3.5125000476837158
3.8396308422088623
3.5879158973693848
3.7851955890655518
3.6588573455810547
3.7247843742370605
3.7247843742370605
3.6588573455810547
3.7851955890655518
3.5879158973693848
3.8396308422088623
3.5125000476837158
3.8876760005950928
3.4331836700439453
3.9289655685424805
3.3505706787109375
3.9631848335266113
3.2652895450592041
3.9900739192962646
3.1779894828796387
4.0094280242919922
3.0893347263336182
4.0210995674133301
3
4.0250000953674316
3
4.0250000953674316
3
3.9749999046325684
3
3.9749999046325684
3.0849769115447998
3.9712898731231689
3.1693069934844971
3.9601874351501465
3.2523486614227295
3.9417777061462402
3.3334696292877197
3.9162001609802246
3.4120528697967529
3.8836500644683838
3.4874999523162842
3.8443746566772461
3.559237003326416
3.798673152923584
3.6267180442810059
3.7468934059143066
3.6894290447235107
3.6894290447235107
3.7468934059143066
3.6267180442810059
3.798673152923584
3.559237003326416
3.8443746566772461
3.4874999523162842
3.8836500644683838
3.4120528697967529
3.9162001609802246
3.3334696292877197
3.9417777061462402
3.2523486614227295
3.9601874351501465
3.1693069934844971
3.9712898731231689
3.0849769115447998
3.9749999046325684
3

white
40
3
-4.0250000953674316
3.0893347263336182
-4.0210995674133301
3.1779894828796387
-4.0094280242919922
3.2652895450592041
-3.9900739192962646
3.3505706787109375
-3.9631848335266113
3.4331836700439453
-3.9289655685424805
3.5125000476837158
-3.8876760005950928
3.5879158973693848
-3.8396308422088623
3.6588573455810547
-3.7851955890655518
3.7247843742370605
-3.7247843742370605
3.7851955890655518
-3.6588573455810547
3.8396308422088623
-3.5879158973693848
3.8876760005950928
-3.5125000476837158
3.9289655685424805
-3.4331836700439453
3.9631848335266113
-3.3505706787109375
3.9900739192962646
-3.2652895450592041
4.0094280242919922
-3.1779894828796387
4.0210995674133301
-3.0893347263336182
4.0250000953674316
-3
4.0250000953674316
-3
3.9749999046325684
-3
3.9749999046325684
-3
3.9712898731231689
-3.0849769115447998
3.9601874351501465
-3.1693069934844971
3.9417777061462402
-3.2523486614227295
3.9162001609802246
-3.3334696292877197
3.8836500644683838
-3.4120528697967529
3.8443746566772461
-3.4874999523162842
3.798673152923584
-3.559237003326416
3.7468934059143066
-3.6267180442810059
3.6894290447235107
-3.6894290447235107
3.6267180442810059
-3.7468934059143066
3.559237003326416
-3.798673152923584
3.4874999523162842
-3.8443746566772461
3.4120528697967529
-3.8836500644683838
3.3334696292877197
-3.9162001609802246
3.2523486614227295
-3.9417777061462402
3.1693069934844971
-3.9601874351501465
3.0849769115447998
-3.9712898731231689
3
-3.9749999046325684

white
40
-3
6.0250000953674316
-3.0893347263336182
6.0210995674133301
-3.1779894828796387
6.0094280242919922
-3.2652895450592041
5.9900741577148438
-3.3505706787109375
5.9631848335266113
-3.4331836700439453
5.9289655685424805
-3.5125000476837158
5.8876762390136719
-3.5879158973693848
5.8396310806274414
-3.6588573455810547
5.7851953506469727
-3.7247843742370605
5.7247843742370605
-3.7851955890655518
5.6588573455810547
-3.8396308422088623
5.5879158973693848
-3.8876760005950928
5.5124998092651367
-3.9289655685424805
5.4331836700439453
-3.9631848335266113
5.3505706787109375
-3.9900739192962646
5.265289306640625
-4.0094280242919922
5.1779894828796387
-4.0210995674133301
5.0893344879150391
-4.0250000953674316
5
-4.0250000953674316
5
-3.9749999046325684
5
-3.9749999046325684
5
-3.9712898731231689
5.0849766731262207
-3.9601874351501465
5.1693072319030762
-3.9417777061462402
5.2523488998413086
-3.9162001609802246
5.3334698677062988
-3.8836500644683838
5.412053108215332
-3.8443746566772461
5.4875001907348633
-3.798673152923584
5.559237003326416
-3.7468934059143066
5.6267180442810059
-3.6894290447235107
5.6894292831420898
-3.6267180442810059
5.7468934059143066
-3.559237003326416
5.798673152923584
-3.4874999523162842
5.8443746566772461
-3.4120528697967529
5.8836498260498047
-3.3334696292877197
5.9162001609802246
-3.2523486614227295
5.9417777061462402
-3.1693069934844971
5.9601874351501465
-3.0849769115447998
5.9712896347045898
-3
5.9749999046325684

white
40
2.0250000953674316
5
2.0210995674133301
5.0893344879150391
2.0094280242919922
5.1779894828796387
1.9900739192962646
5.265289306640625
1.9631849527359009
5.3505706787109375
1.9289655685424805
5.4331836700439453
1.8876760005950928
5.5124998092651367
1.8396308422088623
5.5879158973693848
1.7851955890655518
5.6588573455810547
1.7247843742370605
5.7247843742370605
1.6588573455810547
5.7851953506469727
1.5879158973693848
5.8396310806274414
1.5125000476837158
5.8876762390136719
1.4331836700439453
5.9289655685424805
1.3505706787109375
5.9631848335266113
1.2652895450592041
5.9900741577148438
1.1779893636703491
6.0094280242919922
1.0893346071243286
6.0210995674133301
1
6.0250000953674316
1
6.0250000953674316
0.99999994039535522
5.9749999046325684
0.99999994039535522
5.9749999046325684
1.0849769115447998
5.9712896347045898
1.1693069934844971
5.9601874351501465
1.2523486614227295
5.9417777061462402
1.3334696292877197
5.9162001609802246
1.4120527505874634
5.8836503028869629
1.4874999523162842
5.8443746566772461
1.559237003326416
5.798673152923584
1.6267179250717163
5.7468934059143066
1.6894290447235107
5.6894292831420898
1.7468934059143066
5.6267180442810059
1.7986732721328735
5.559237003326416
1.8443747758865356
5.4875001907348633
1.8836500644683838
5.4120526313781738
1.9162002801895142
5.3334693908691406
1.9417777061462402
5.2523484230041504
1.960187554359436
5.169306755065918
1.9712898731231689
5.0849766731262207
1.9750000238418579
5

white
40
1.9750000238418579
5
1.9789004325866699
4.9106655120849609
1.9905720949172974
4.8220105171203613
2.0099260807037354
4.734710693359375
2.0368151664733887
4.6494293212890625
2.0710344314575195
4.5668163299560547
2.1123239994049072
4.4875001907348633
2.1603691577911377
4.4120841026306152
2.2148044109344482
4.3411426544189453
2.2752156257629395
4.2752156257629395
2.3411426544189453
4.2148046493530273
2.4120841026306152
4.1603689193725586
2.4874999523162842
4.1123237609863281
2.5668163299560547
4.0710344314575195
2.6494293212890625
4.0368151664733887
2.7347104549407959
4.0099258422851563
2.8220105171203613
3.9905719757080078
2.9106652736663818
3.9789004325866699
3
3.9749999046325684
3
3.9749999046325684
3
4.0250000953674316
3
4.0250000953674316
2.9150230884552002
4.0287103652954102
2.8306930065155029
4.0398125648498535
2.7476515769958496
4.0582222938537598
2.6665303707122803
4.0837998390197754
2.5879473686218262
4.1163496971130371
2.5125000476837158
4.1556253433227539
2.440762996673584
4.201326847076416
2.3732821941375732
4.2531065940856934
2.3105707168579102
4.3105707168579102
2.2531065940856934
4.3732819557189941
2.201326847076416
4.440762996673584
2.1556253433227539
4.5124998092651367
2.1163499355316162
4.5879473686218262
2.0837998390197754
4.6665301322937012
2.0582222938537598
4.7476515769958496
2.0398125648498535
4.8306927680969238
2.0287101268768311
4.9150228500366211
2.0250000953674316
5

white
40
-3.2000000476837158
-3
-3.1992390155792236
-3.0174312591552734
-3.1969616413116455
-3.0347297191619873
-3.1931850910186768
-3.0517637729644775
-3.1879384517669678
-3.068403959274292
-3.1812615394592285
-3.0845236778259277
-3.1732051372528076
-3.0999999046325684
-3.1638305187225342
-3.1147153377532959
-3.1532089710235596
-3.1285574436187744
-3.1414213180541992
-3.1414213180541992
-3.1285574436187744
-3.1532089710235596
-3.1147153377532959
-3.1638305187225342
-3.0999999046325684
-3.1732051372528076
-3.0845236778259277
-3.1812615394592285
-3.068403959274292
-3.1879384517669678
-3.0517637729644775
-3.1931850910186768
-3.0347297191619873
-3.1969616413116455
-3.0174312591552734
-3.1992390155792236
-3
-3.2000000476837158
-3
-3.2000000476837158
-3
-3.1500000953674316
-3
-3.1500000953674316
-3.0130734443664551
-3.1494293212890625
-3.0260472297668457
-3.1477212905883789
-3.0388228893280029
-3.1448888778686523
-3.0513029098510742
-3.1409540176391602
-3.0633926391601563
-3.1359462738037109
-3.0750000476837158
-3.1299037933349609
-3.0860364437103271
-3.1228728294372559
-3.0964181423187256
-3.1149067878723145
-3.1060659885406494
-3.1060659885406494
-3.1149067878723145
-3.0964181423187256
-3.1228728294372559
-3.0860364437103271
-3.1299037933349609
-3.0750000476837158
-3.1359462738037109
-3.0633926391601563
-3.1409540176391602
-3.0513029098510742
-3.1448888778686523
-3.0388228893280029
-3.1477210521697998
-3.0260472297668457
-3.1494293212890625
-3.0130734443664551
-3.1500000953674316
-3

white
40
3.2000000476837158
3
3.1992390155792236
3.0174312591552734
3.1969616413116455
3.0347297191619873
3.1931850910186768
3.0517637729644775
3.1879384517669678
3.068403959274292
3.1812615394592285
3.0845236778259277
3.1732051372528076
3.0999999046325684
3.1638305187225342
3.1147153377532959
3.1532089710235596
3.1285574436187744
3.1414213180541992
3.1414213180541992
3.1285574436187744
3.1532089710235596
3.1147153377532959
3.1638305187225342
3.0999999046325684
3.1732051372528076
3.0845236778259277
3.1812615394592285
3.068403959274292
3.1879384517669678
3.0517637729644775
3.1931850910186768
3.0347297191619873
3.1969616413116455
3.0174312591552734
3.1992390155792236
3
3.2000000476837158
3
3.2000000476837158
3
3.1500000953674316
3
3.1500000953674316
3.0130734443664551
3.1494293212890625
3.0260472297668457
3.1477210521697998
3.0388228893280029
3.1448888778686523
3.0513029098510742
3.1409540176391602
3.0633926391601563
3.1359462738037109
3.0750000476837158
3.1299037933349609
3.0860364437103271
3.1228728294372559
3.0964181423187256
3.1149067878723145
3.1060659885406494
3.1060659885406494
3.1149067878723145
3.0964181423187256
3.1228728294372559
3.0860364437103271
3.1299037933349609
3.0750000476837158
3.1359462738037109
3.0633926391601563
3.1409540176391602
3.0513029098510742
3.1448888778686523
3.0388228893280029
3.1477210521697998
3.0260472297668457
3.1494293212890625
3.0130734443664551
3.1500000953674316
3

white
40
3
-3.2000000476837158
3.0174312591552734
-3.1992390155792236
3.0347297191619873
-3.1969616413116455
3.0517637729644775
-3.1931850910186768
3.068403959274292
-3.1879384517669678
3.0845236778259277
-3.1812615394592285
3.0999999046325684
-3.1732051372528076
3.1147153377532959
-3.1638305187225342
3.1285574436187744
-3.1532089710235596
3.1414213180541992
-3.1414213180541992
3.1532089710235596
-3.1285574436187744
3.1638305187225342
-3.1147153377532959
3.1732051372528076
-3.0999999046325684
3.1812615394592285
-3.0845236778259277
3.1879384517669678
-3.068403959274292
3.1931850910186768
-3.0517637729644775
3.1969616413116455
-3.0347297191619873
3.1992390155792236
-3.0174312591552734
3.2000000476837158
-3
3.2000000476837158
-3
3.1500000953674316
-3
3.1500000953674316
-3
3.1494293212890625
-3.0130734443664551
3.1477210521697998
-3.0260472297668457
3.1448888778686523
-3.0388228893280029
3.1409540176391602
-3.0513029098510742
3.1359462738037109
-3.0633926391601563
3.1299037933349609
-3.0750000476837158
3.1228728294372559
-3.0860364437103271
3.1149067878723145
-3.0964181423187256
3.1060659885406494
-3.1060659885406494
3.0964181423187256
-3.1149067878723145
3.0860364437103271
-3.1228728294372559
3.0750000476837158
-3.1299037933349609
3.0633926391601563
-3.1359462738037109
3.0513029098510742
-3.1409540176391602
3.0388228893280029
-3.1448888778686523
3.0260472297668457
-3.1477210521697998
3.0130734443664551
-3.1494293212890625
3
-3.1500000953674316

white
40
-3.2000000476837158
1
-3.1992390155792236
0.98256886005401611
-3.1969616413116455
0.96527034044265747
-3.1931850910186768
0.94823616743087769
-3.1879384517669678
0.93159598112106323
-3.1812615394592285
0.91547632217407227
-3.1732051372528076
0.89999997615814209
-3.1638305187225342
0.88528472185134888
-3.1532089710235596
0.87144249677658081
-3.1414213180541992
0.85857862234115601
-3.1285574436187744
0.84679114818572998
-3.1147153377532959
0.83616960048675537
-3.0999999046325684
0.82679492235183716
-3.0845236778259277
0.81873846054077148
-3.068403959274292
0.81206148862838745
-3.0517637729644775
0.80681484937667847
-3.0347297191619873
0.80303847789764404
-3.0174312591552734
0.80076104402542114
-3
0.80000001192092896
-3
0.80000001192092896
-3
0.85000002384185791
-3
0.85000002384185791
-3.0130734443664551
0.85057079792022705
-3.0260472297668457
0.85227882862091064
-3.0388228893280029
0.85511112213134766
-3.0513029098510742
0.85904610157012939
-3.0633926391601563
0.86405384540557861
-3.0750000476837158
0.87009620666503906
-3.0860364437103271
0.87712717056274414
-3.0964181423187256
0.8850933313369751
-3.1060659885406494
0.89393401145935059
-3.1149067878723145
0.90358185768127441
-3.1228728294372559
0.91396355628967285
-3.1299037933349609
0.92500001192092896
-3.1359462738037109
0.9366072416305542
-3.1409540176391602
0.94869697093963623
-3.1448888778686523
0.96117711067199707
-3.1477210521697998
0.9739527702331543
-3.1494293212890625
0.9869266152381897
-3.1500000953674316
1

white
40
3.2000000476837158
-1
3.1992390155792236
-0.98256886005401611
3.1969616413116455
-0.96527034044265747
3.1931850910186768
-0.94823616743087769
3.1879384517669678
-0.93159598112106323
3.1812615394592285
-0.91547632217407227
3.1732051372528076
-0.89999997615814209
3.1638305187225342
-0.88528472185134888
3.1532089710235596
-0.87144249677658081
3.1414213180541992
-0.85857862234115601
3.1285574436187744
-0.84679114818572998
3.1147153377532959
-0.83616960048675537
3.0999999046325684
-0.82679492235183716
3.0845236778259277
-0.81873846054077148
3.068403959274292
-0.81206148862838745
3.0517637729644775
-0.80681484937667847
3.0347297191619873
-0.80303847789764404
3.0174312591552734
-0.80076104402542114
3
-0.80000001192092896
3
-0.80000001192092896
3
-0.85000002384185791
3
-0.85000002384185791
3.0130734443664551
-0.85057079792022705
3.0260472297668457
-0.85227882862091064
3.0388228893280029
-0.85511112213134766
3.0513029098510742
-0.85904610157012939
3.0633926391601563
-0.86405384540557861
3.0750000476837158
-0.87009620666503906
3.0860364437103271
-0.87712717056274414
3.0964181423187256
-0.8850933313369751
3.1060659885406494
-0.89393401145935059
3.1149067878723145
-0.90358185768127441
3.1228728294372559
-0.91396355628967285
3.1299037933349609
-0.92500001192092896
3.1359462738037109
-0.9366072416305542
3.1409540176391602
-0.94869697093963623
3.1448888778686523
-0.96117711067199707
3.1477210521697998
-0.9739527702331543
3.1494293212890625
-0.9869266152381897
3.1500000953674316
-1

white
40
-3
-0.80000001192092896
-3.0174312591552734
-0.80076104402542114
-3.0347297191619873
-0.80303847789764404
-3.0517637729644775
-0.80681484937667847
-3.068403959274292
-0.81206148862838745
-3.0845236778259277
-0.81873846054077148
-3.0999999046325684
-0.82679492235183716
-3.1147153377532959
-0.83616960048675537
-3.1285574436187744
-0.84679114818572998
-3.1414213180541992
-0.85857862234115601
-3.1532089710235596
-0.87144249677658081
-3.1638305187225342
-0.88528472185134888
-3.1732051372528076
-0.89999997615814209
-3.1812615394592285
-0.91547632217407227
-3.1879384517669678
-0.93159598112106323
-3.1931850910186768
-0.94823616743087769
-3.1969616413116455
-0.96527034044265747
-3.1992390155792236
-0.98256886005401611
-3.2000000476837158
-1
-3.2000000476837158
-1
-3.1500000953674316
-1
-3.1500000953674316
-1
-3.1494293212890625
-0.9869266152381897
-3.1477210521697998
-0.9739527702331543
-3.1448888778686523
-0.96117711067199707
-3.1409540176391602
-0.94869697093963623
-3.1359462738037109
-0.9366072416305542
-3.1299037933349609
-0.92500001192092896
-3.1228728294372559
-0.91396355628967285
-3.1149067878723145
-0.90358185768127441
-3.1060659885406494
-0.89393401145935059
-3.0964181423187256
-0.8850933313369751
-3.0860364437103271
-0.87712717056274414
-3.0750000476837158
-0.87009620666503906
-3.0633926391601563
-0.86405384540557861
-3.0513029098510742
-0.85904610157012939
-3.0388228893280029
-0.85511112213134766
-3.0260472297668457
-0.85227882862091064
-3.0130734443664551
-0.85057079792022705
-3
-0.85000002384185791

white
40
3
0.80000001192092896
3.0174312591552734
0.80076104402542114
3.0347297191619873
0.80303847789764404
3.0517637729644775
0.80681484937667847
3.068403959274292
0.81206148862838745
3.0845236778259277
0.81873846054077148
3.0999999046325684
0.82679492235183716
3.1147153377532959
0.83616960048675537
3.1285574436187744
0.84679114818572998
3.1414213180541992
0.85857862234115601
3.1532089710235596
0.87144249677658081
3.1638305187225342
0.88528472185134888
3.1732051372528076
0.89999997615814209
3.1812615394592285
0.91547632217407227
3.1879384517669678
0.93159598112106323
3.1931850910186768
0.94823616743087769
3.1969616413116455
0.96527034044265747
3.1992390155792236
0.98256886005401611
3.2000000476837158
1
3.2000000476837158
1
3.1500000953674316
1
3.1500000953674316
1
3.1494293212890625
0.9869266152381897
3.1477210521697998
0.9739527702331543
3.1448888778686523
0.96117711067199707
3.1409540176391602
0.94869697093963623
3.1359462738037109
0.9366072416305542
3.1299037933349609
0.92500001192092896
3.1228728294372559
0.91396355628967285
3.1149067878723145
0.90358185768127441
3.1060659885406494
0.89393401145935059
3.0964181423187256
0.8850933313369751
3.0860364437103271
0.87712717056274414
3.0750000476837158
0.87009620666503906
3.0633926391601563
0.86405384540557861
3.0513029098510742
0.85904610157012939
3.0388228893280029
0.85511112213134766
3.0260472297668457
0.85227882862091064
3.0130734443664551
0.85057079792022705
3
0.85000002384185791

white
40
-1
0.80000001192092896
-0.98256886005401611
0.80076104402542114
-0.96527034044265747
0.80303847789764404
-0.94823616743087769
0.80681484937667847
-0.93159598112106323
0.81206148862838745
-0.91547632217407227
0.81873846054077148
-0.89999997615814209
0.82679492235183716
-0.88528472185134888
0.83616960048675537
-0.87144249677658081
0.84679114818572998
-0.85857862234115601
0.85857862234115601
-0.84679114818572998
0.87144249677658081
-0.83616960048675537
0.88528472185134888
-0.82679492235183716
0.89999997615814209
-0.81873846054077148
0.91547632217407227
-0.81206148862838745
0.93159598112106323
-0.80681484937667847
0.94823616743087769
-0.80303847789764404
0.96527034044265747
-0.80076104402542114
0.98256886005401611
-0.80000001192092896
1
-0.80000001192092896
1
-0.85000002384185791
1
-0.85000002384185791
1
-0.85057079792022705
0.9869266152381897
-0.85227882862091064
0.9739527702331543
-0.85511112213134766
0.96117711067199707
-0.85904610157012939
0.94869697093963623
-0.86405384540557861
0.9366072416305542
-0.87009620666503906
0.92500001192092896
-0.87712717056274414
0.91396355628967285
-0.8850933313369751
0.90358185768127441
-0.89393401145935059
0.89393401145935059
-0.90358185768127441
0.8850933313369751
-0.91396355628967285
0.87712717056274414
-0.92500001192092896
0.87009620666503906
-0.9366072416305542
0.86405384540557861
-0.94869697093963623
0.85904610157012939
-0.96117711067199707
0.85511112213134766
-0.9739527702331543
0.85227882862091064
-0.9869266152381897
0.85057079792022705
-1
0.85000002384185791

white
40
1
-0.80000001192092896
0.98256886005401611
-0.80076104402542114
0.96527034044265747
-0.80303847789764404
0.94823616743087769
-0.80681484937667847
0.93159598112106323
-0.81206148862838745
0.91547632217407227
-0.81873846054077148
0.89999997615814209
-0.82679492235183716
0.88528472185134888
-0.83616960048675537
0.87144249677658081
-0.84679114818572998
0.85857862234115601
-0.85857862234115601
0.84679114818572998
-0.87144249677658081
0.83616960048675537
-0.88528472185134888
0.82679492235183716
-0.89999997615814209
0.81873846054077148
-0.91547632217407227
0.81206148862838745
-0.93159598112106323
0.80681484937667847
-0.94823616743087769
0.80303847789764404
-0.96527034044265747
0.80076104402542114
-0.98256886005401611
0.80000001192092896
-1
0.80000001192092896
-1
0.85000002384185791
-1
0.85000002384185791
-1
0.85057079792022705
-0.9869266152381897
0.85227882862091064
-0.9739527702331543
0.85511112213134766
-0.96117711067199707
0.85904610157012939
-0.94869697093963623
0.86405384540557861
-0.9366072416305542
0.87009620666503906
-0.92500001192092896
0.87712717056274414
-0.91396355628967285
0.8850933313369751
-0.90358185768127441
0.89393395185470581
-0.89393401145935059
0.90358185768127441
-0.8850933313369751
0.91396355628967285
-0.87712717056274414
0.92500001192092896
-0.87009620666503906
0.9366072416305542
-0.86405384540557861
0.94869697093963623
-0.85904610157012939
0.96117717027664185
-0.85511112213134766
0.9739527702331543
-0.85227882862091064
0.9869266152381897
-0.85057079792022705
1
-0.85000002384185791

white
40
-0.80000001192092896
-1
-0.80076104402542114
-0.98256886005401611
-0.80303847789764404
-0.96527034044265747
-0.80681484937667847
-0.94823616743087769
-0.81206148862838745
-0.93159598112106323
-0.81873846054077148
-0.91547632217407227
-0.82679492235183716
-0.89999997615814209
-0.83616960048675537
-0.88528472185134888
-0.84679114818572998
-0.87144249677658081
-0.85857862234115601
-0.85857862234115601
-0.87144249677658081
-0.84679114818572998
-0.88528472185134888
-0.83616960048675537
-0.89999997615814209
-0.82679492235183716
-0.91547632217407227
-0.81873846054077148
-0.93159598112106323
-0.81206148862838745
-0.94823616743087769
-0.80681484937667847
-0.96527034044265747
-0.80303847789764404
-0.98256886005401611
-0.80076104402542114
-1
-0.80000001192092896
-1
-0.80000001192092896
-1
-0.85000002384185791
-1
-0.85000002384185791
-0.9869266152381897
-0.85057079792022705
-0.9739527702331543
-0.85227882862091064
-0.96117711067199707
-0.85511112213134766
-0.94869697093963623
-0.85904610157012939
-0.9366072416305542
-0.86405384540557861
-0.92500001192092896
-0.87009620666503906
-0.91396355628967285
-0.87712717056274414
-0.90358185768127441
-0.8850933313369751
-0.89393401145935059
-0.89393401145935059
-0.8850933313369751
-0.90358185768127441
-0.87712717056274414
-0.91396355628967285
-0.87009620666503906
-0.92500001192092896
-0.86405384540557861
-0.9366072416305542
-0.85904610157012939
-0.94869697093963623
-0.85511112213134766
-0.96117711067199707
-0.85227882862091064
-0.9739527702331543
-0.85057079792022705
-0.9869266152381897
-0.85000002384185791
-1

white
40
0.80000001192092896
1
0.80076104402542114
0.98256886005401611
0.80303847789764404
0.96527034044265747
0.80681484937667847
0.94823616743087769
0.81206148862838745
0.93159598112106323
0.81873846054077148
0.91547632217407227
0.82679492235183716
0.89999997615814209
0.83616960048675537
0.88528472185134888
0.84679114818572998
0.87144249677658081
0.85857862234115601
0.85857862234115601
0.87144249677658081
0.84679114818572998
0.88528472185134888
0.83616960048675537
0.89999997615814209
0.82679492235183716
0.91547632217407227
0.81873846054077148
0.93159598112106323
0.81206148862838745
0.94823616743087769
0.80681484937667847
0.96527034044265747
0.80303847789764404
0.98256886005401611
0.80076104402542114
1
0.80000001192092896
1
0.80000001192092896
1
0.85000002384185791
1
0.85000002384185791
0.9869266152381897
0.85057079792022705
0.9739527702331543
0.85227882862091064
0.96117717027664185
0.85511112213134766
0.94869697093963623
0.85904610157012939
0.9366072416305542
0.86405384540557861
0.92500001192092896
0.87009620666503906
0.91396355628967285
0.87712717056274414
0.90358185768127441
0.8850933313369751
0.89393395185470581
0.89393401145935059
0.8850933313369751
0.90358185768127441
0.87712717056274414
0.91396355628967285
0.87009620666503906
0.92500001192092896
0.86405384540557861
0.9366072416305542
0.85904610157012939
0.94869697093963623
0.85511112213134766
0.96117711067199707
0.85227882862091064
0.9739527702331543
0.85057079792022705
0.9869266152381897
0.85000002384185791
1

white
40
-1
-3.2000000476837158
-0.98256886005401611
-3.1992390155792236
-0.96527034044265747
-3.1969616413116455
-0.94823616743087769
-3.1931850910186768
-0.93159598112106323
-3.1879384517669678
-0.91547632217407227
-3.1812615394592285
-0.89999997615814209
-3.1732051372528076
-0.88528472185134888
-3.1638305187225342
-0.87144249677658081
-3.1532089710235596
-0.85857862234115601
-3.1414213180541992
-0.84679114818572998
-3.1285574436187744
-0.83616960048675537
-3.1147153377532959
-0.82679492235183716
-3.0999999046325684
-0.81873846054077148
-3.0845236778259277
-0.81206148862838745
-3.068403959274292
-0.80681484937667847
-3.0517637729644775
-0.80303847789764404
-3.0347297191619873
-0.80076104402542114
-3.0174312591552734
-0.80000001192092896
-3
-0.80000001192092896
-3
-0.85000002384185791
-3
-0.85000002384185791
-3
-0.85057079792022705
-3.0130734443664551
-0.85227882862091064
-3.0260472297668457
-0.85511112213134766
-3.0388228893280029
-0.85904610157012939
-3.0513029098510742
-0.86405384540557861
-3.0633926391601563
-0.87009620666503906
-3.0750000476837158
-0.87712717056274414
-3.0860364437103271
-0.8850933313369751
-3.0964181423187256
-0.89393401145935059
-3.1060659885406494
-0.90358185768127441
-3.1149067878723145
-0.91396355628967285
-3.1228728294372559
-0.92500001192092896
-3.1299037933349609
-0.9366072416305542
-3.1359462738037109
-0.94869697093963623
-3.1409540176391602
-0.96117711067199707
-3.1448888778686523
-0.9739527702331543
-3.1477210521697998
-0.9869266152381897
-3.1494293212890625
-1
-3.1500000953674316

white
40
0.80000001192092896
-3
0.80076104402542114
-3.0174312591552734
0.80303847789764404
-3.0347297191619873
0.80681484937667847
-3.0517637729644775
0.81206148862838745
-3.068403959274292
0.81873846054077148
-3.0845236778259277
0.82679492235183716
-3.0999999046325684
0.83616960048675537
-3.1147153377532959
0.84679114818572998
-3.1285574436187744
0.85857862234115601
-3.1414213180541992
0.87144249677658081
-3.1532089710235596
0.88528472185134888
-3.1638305187225342
0.89999997615814209
-3.1732051372528076
0.91547632217407227
-3.1812615394592285
0.93159598112106323
-3.1879384517669678
0.94823616743087769
-3.1931850910186768
0.96527034044265747
-3.1969616413116455
0.98256886005401611
-3.1992390155792236
1
-3.2000000476837158
1
-3.2000000476837158
1
-3.1500000953674316
1
-3.1500000953674316
0.9869266152381897
-3.1494293212890625
0.9739527702331543
-3.1477212905883789
0.96117717027664185
-3.1448888778686523
0.94869697093963623
-3.1409540176391602
0.9366072416305542
-3.1359462738037109
0.92500001192092896
-3.1299037933349609
0.91396355628967285
-3.1228728294372559
0.90358185768127441
-3.1149067878723145
0.89393395185470581
-3.1060659885406494
0.8850933313369751
-3.0964181423187256
0.87712717056274414
-3.0860364437103271
0.87009620666503906
-3.0750000476837158
0.86405384540557861
-3.0633926391601563
0.85904610157012939
-3.0513029098510742
0.85511112213134766
-3.0388228893280029
0.85227882862091064
-3.0260472297668457
0.85057079792022705
-3.0130734443664551
0.85000002384185791
-3

white
40
-3
5.1999998092651367
-3.0174312591552734
5.1992387771606445
-3.0347297191619873
5.1969614028930664
-3.0517637729644775
5.1931853294372559
-3.068403959274292
5.1879386901855469
-3.0845236778259277
5.1812615394592285
-3.0999999046325684
5.1732048988342285
-3.1147153377532959
5.1638302803039551
-3.1285574436187744
5.1532087326049805
-3.1414213180541992
5.1414213180541992
-3.1532089710235596
5.1285576820373535
-3.1638305187225342
5.1147150993347168
-3.1732051372528076
5.0999999046325684
-3.1812615394592285
5.0845236778259277
-3.1879384517669678
5.0684041976928711
-3.1931850910186768
5.0517640113830566
-3.1969616413116455
5.0347294807434082
-3.1992390155792236
5.0174312591552734
-3.2000000476837158
5
-3.2000000476837158
5
-3.1500000953674316
5
-3.1500000953674316
5
-3.1494293212890625
5.0130734443664551
-3.1477210521697998
5.0260472297668457
-3.1448888778686523
5.0388226509094238
-3.1409537792205811
5.0513029098510742
-3.1359462738037109
5.0633926391601563
-3.1299037933349609
5.0749998092651367
-3.1228728294372559
5.0860366821289063
-3.1149067878723145
5.0964183807373047
-3.1060659885406494
5.1060662269592285
-3.0964181423187256
5.1149067878723145
-3.0860364437103271
5.1228728294372559
-3.0750000476837158
5.1299037933349609
-3.0633926391601563
5.1359462738037109
-3.0513029098510742
5.1409540176391602
-3.0388228893280029
5.1448888778686523
-3.0260472297668457
5.1477212905883789
-3.0130734443664551
5.1494293212890625
-3
5.1500000953674316

white
40
1.2000000476837158
5
1.1992388963699341
5.0174312591552734
1.196961522102356
5.0347294807434082
1.1931852102279663
5.0517640113830566
1.1879385709762573
5.0684041976928711
1.1812615394592285
5.0845236778259277
1.1732051372528076
5.0999999046325684
1.1638303995132446
5.1147150993347168
1.15320885181427
5.1285576820373535
1.1414213180541992
5.1414213180541992
1.128557562828064
5.1532087326049805
1.1147153377532959
5.1638302803039551
1.1000000238418579
5.1732048988342285
1.0845236778259277
5.1812615394592285
1.0684040784835815
5.1879386901855469
1.0517637729644775
5.1931853294372559
1.0347295999526978
5.1969614028930664
1.0174311399459839
5.1992387771606445
1
5.1999998092651367
1
5.1999998092651367
1
5.1500000953674316
1
5.1500000953674316
1.0130733251571655
5.1494293212890625
1.0260472297668457
5.1477212905883789
1.0388228893280029
5.1448888778686523
1.0513030290603638
5.1409540176391602
1.0633927583694458
5.1359462738037109
1.0750000476837158
5.1299037933349609
1.0860364437103271
5.1228728294372559
1.0964181423187256
5.1149067878723145
1.1060659885406494
5.1060662269592285
1.1149066686630249
5.0964183807373047
1.1228728294372559
5.0860366821289063
1.1299037933349609
5.0749998092651367
1.1359461545944214
5.0633926391601563
1.1409538984298706
5.0513029098510742
1.1448888778686523
5.0388226509094238
1.1477211713790894
5.0260472297668457
1.1494292020797729
5.0130734443664551
1.1499999761581421
5

white
40
2.75
5
2.7509512901306152
4.9782109260559082
2.7537980079650879
4.9565877914428711
2.7585184574127197
4.9352951049804688
2.7650768756866455
4.9144949913024902
2.7734229564666748
4.8943452835083008
2.7834937572479248
4.875
2.7952120304107666
4.8566060066223145
2.8084888458251953
4.8393030166625977
2.823223352432251
4.8232231140136719
2.8393030166625977
4.8084888458251953
2.8566060066223145
4.7952117919921875
2.875
4.7834935188293457
2.8943455219268799
4.7734231948852539
2.9144949913024902
4.7650766372680664
2.9352953433990479
4.7585186958312988
2.9565880298614502
4.7537980079650879
2.9782111644744873
4.7509512901306152
3
4.75
3
4.75
3
4.8000001907348633
3
4.8000001907348633
2.9825687408447266
4.8007612228393555
2.9652702808380127
4.8030385971069336
2.9482362270355225
4.8068146705627441
2.931596040725708
4.8120613098144531
2.9154763221740723
4.8187384605407715
2.9000000953674316
4.8267951011657715
2.8852846622467041
4.8361697196960449
2.8714425563812256
4.8467912673950195
2.8585786819458008
4.8585786819458008
2.8467910289764404
4.8714423179626465
2.8361694812774658
4.8852849006652832
2.8267948627471924
4.9000000953674316
2.8187384605407715
4.9154763221740723
2.8120615482330322
4.9315958023071289
2.8068149089813232
4.9482359886169434
2.8030383586883545
4.9652705192565918
2.8007609844207764
4.9825687408447266
2.7999999523162842
5

stripes
4
-3
-0.02500000037252903
-2.7999999523162842
-0.02500000037252903
-2.7999999523162842
0.02500000037252903
-3
0.02500000037252903

stripes
4
3
0.02500000037252903
2.7999999523162842
0.02500000037252903
2.7999999523162842
-0.02500000037252903
3
-0.02500000037252903

stripes
4
-2.6500000953674316
-0.02500000037252903
-2.4500000476837158
-0.02500000037252903
-2.4500000476837158
0.02500000037252903
-2.6500000953674316
0.02500000037252903

stripes
4
2.6500000953674316
0.02500000037252903
2.4500000476837158
0.02500000037252903
2.4500000476837158
-0.02500000037252903
2.6500000953674316
-0.02500000037252903

stripes
4
-2.2999999523162842
-0.02500000037252903
-2.0999999046325684
-0.02500000037252903
-2.0999999046325684
0.02500000037252903
-2.2999999523162842
0.02500000037252903

stripes
4
2.2999999523162842
0.02500000037252903
2.0999999046325684
0.02500000037252903
2.0999999046325684
-0.02500000037252903
2.2999999523162842
-0.02500000037252903

stripes
4
-1.9500000476837158
-0.02500000037252903
-1.75
-0.02500000037252903
-1.75
0.02500000037252903
-1.9500000476837158
0.02500000037252903

stripes
4
1.9500000476837158
0.02500000037252903
1.75
0.02500000037252903
1.75
-0.02500000037252903
1.9500000476837158
-0.02500000037252903

stripes
4
-1.6000000238418579
-0.02500000037252903
-1.3999999761581421
-0.02500000037252903
-1.3999999761581421
0.02500000037252903
-1.6000000238418579
0.02500000037252903

stripes
4
1.6000000238418579
0.02500000037252903
1.3999999761581421
0.02500000037252903
1.3999999761581421
-0.02500000037252903
1.6000000238418579
-0.02500000037252903

stripes
4
-1.25
-0.02500000037252903
-1.0499999523162842
-0.02500000037252903
-1.0499999523162842
0.02500000037252903
-1.25
0.02500000037252903

stripes
4
1.25
0.02500000037252903
1.0499999523162842
0.02500000037252903
1.0499999523162842
-0.02500000037252903
1.25
-0.02500000037252903

stripes
4
-0.02500000037252903
-3
0.02500000037252903
-3
0.02500000037252903
-2.7999999523162842
-0.02500000037252903
-2.7999999523162842

stripes
4
-0.02500000037252903
-2.6500000953674316
0.02500000037252903
-2.6500000953674316
0.02500000037252903
-2.4500000476837158
-0.02500000037252903
-2.4500000476837158

stripes
4
-0.02500000037252903
-2.2999999523162842
0.02500000037252903
-2.2999999523162842
0.02500000037252903
-2.0999999046325684
-0.02500000037252903
-2.0999999046325684

stripes
4
-0.02500000037252903
-1.9500000476837158
0.02500000037252903
-1.9500000476837158
0.02500000037252903
-1.75
-0.02500000037252903
-1.75

stripes
4
-0.02500000037252903
-1.6000000238418579
0.02500000037252903
-1.6000000238418579
0.02500000037252903
-1.3999999761581421
-0.02500000037252903
-1.3999999761581421

stripes
4
-0.02500000037252903
-1.25
0.02500000037252903
-1.25
0.02500000037252903
-1.0499999523162842
-0.02500000037252903
-1.0499999523162842

stripes
4
-0.02500000037252903
1
0.02500000037252903
1
0.02500000037252903
1.2000000476837158
-0.02500000037252903
1.2000000476837158

stripes
4
-0.02500000037252903
1.3500000238418579
0.02500000037252903
1.3500000238418579
0.02500000037252903
1.5499999523162842
-0.02500000037252903
1.5499999523162842

stripes
4
-0.02500000037252903
1.7000000476837158
0.02500000037252903
1.7000000476837158
0.02500000037252903
1.8999999761581421
-0.02500000037252903
1.8999999761581421

stripes
4
-0.02500000037252903
2.0499999523162842
0.02500000037252903
2.0499999523162842
0.02500000037252903
2.25
-0.02500000037252903
2.25

stripes
4
-0.02500000037252903
2.4000000953674316
0.02500000037252903
2.4000000953674316
0.02500000037252903
2.5999999046325684
-0.02500000037252903
2.5999999046325684

stripes
4
-0.02500000037252903
2.75
0.02500000037252903
2.75
0.02500000037252903
2.9500000476837158
-0.02500000037252903
2.9500000476837158

stripes
4
-3
-4.0250000953674316
-2.7999999523162842
-4.0250000953674316
-2.7999999523162842
-3.9749999046325684
-3
-3.9749999046325684

stripes
4
3
-3.9749999046325684
2.7999999523162842
-3.9749999046325684
2.7999999523162842
-4.0250000953674316
3
-4.0250000953674316

stripes
4
-2.6500000953674316
-4.0250000953674316
-2.4500000476837158
-4.0250000953674316
-2.4500000476837158
-3.9749999046325684
-2.6500000953674316
-3.9749999046325684

stripes
4
2.6500000953674316
-3.9749999046325684
2.4500000476837158
-3.9749999046325684
2.4500000476837158
-4.0250000953674316
2.6500000953674316
-4.0250000953674316

stripes
4
-2.2999999523162842
-4.0250000953674316
-2.0999999046325684
-4.0250000953674316
-2.0999999046325684
-3.9749999046325684
-2.2999999523162842
-3.9749999046325684

stripes
4
2.2999999523162842
-3.9749999046325684
2.0999999046325684
-3.9749999046325684
2.0999999046325684
-4.0250000953674316
2.2999999523162842
-4.0250000953674316

stripes
4
-1.9500000476837158
-4.0250000953674316
-1.75
-4.0250000953674316
-1.75
-3.9749999046325684
-1.9500000476837158
-3.9749999046325684

stripes
4
1.9500000476837158
-3.9749999046325684
1.75
-3.9749999046325684
1.75
-4.0250000953674316
1.9500000476837158
-4.0250000953674316

stripes
4
-1.6000000238418579
-4.0250000953674316
-1.3999999761581421
-4.0250000953674316
-1.3999999761581421
-3.9749999046325684
-1.6000000238418579
-3.9749999046325684

stripes
4
1.6000000238418579
-3.9749999046325684
1.3999999761581421
-3.9749999046325684
1.3999999761581421
-4.0250000953674316
1.6000000238418579
-4.0250000953674316

stripes
4
-1.25
-4.0250000953674316
-1.0499999523162842
-4.0250000953674316
-1.0499999523162842
-3.9749999046325684
-1.25
-3.9749999046325684

stripes
4
1.25
-3.9749999046325684
1.0499999523162842
-3.9749999046325684
1.0499999523162842
-4.0250000953674316
1.25
-4.0250000953674316

stripes
4
-3
-4.0250000953674316
-2.7999999523162842
-4.0250000953674316
-2.7999999523162842
-3.9749999046325684
-3
-3.9749999046325684

stripes
4
3
-3.9749999046325684
2.7999999523162842
-3.9749999046325684
2.7999999523162842
-4.0250000953674316
3
-4.0250000953674316

stripes
4
-2.6500000953674316
-4.0250000953674316
-2.4500000476837158
-4.0250000953674316
-2.4500000476837158
-3.9749999046325684
-2.6500000953674316
-3.9749999046325684

stripes
4
2.6500000953674316
-3.9749999046325684
2.4500000476837158
-3.9749999046325684
2.4500000476837158
-4.0250000953674316
2.6500000953674316
-4.0250000953674316

stripes
4
-2.2999999523162842
-4.0250000953674316
-2.0999999046325684
-4.0250000953674316
-2.0999999046325684
-3.9749999046325684
-2.2999999523162842
-3.9749999046325684

stripes
4
2.2999999523162842
-3.9749999046325684
2.0999999046325684
-3.9749999046325684
2.0999999046325684
-4.0250000953674316
2.2999999523162842
-4.0250000953674316

stripes
4
-1.9500000476837158
-4.0250000953674316
-1.75
-4.0250000953674316
-1.75
-3.9749999046325684
-1.9500000476837158
-3.9749999046325684

stripes
4
1.9500000476837158
-3.9749999046325684
1.75
-3.9749999046325684
1.75
-4.0250000953674316
1.9500000476837158
-4.0250000953674316

stripes
4
-1.6000000238418579
-4.0250000953674316
-1.3999999761581421
-4.0250000953674316
-1.3999999761581421
-3.9749999046325684
-1.6000000238418579
-3.9749999046325684

stripes
4
1.6000000238418579
-3.9749999046325684
1.3999999761581421
-3.9749999046325684
1.3999999761581421
-4.0250000953674316
1.6000000238418579
-4.0250000953674316

stripes
4
-1.25
-4.0250000953674316
-1.0499999523162842
-4.0250000953674316
-1.0499999523162842
-3.9749999046325684
-1.25
-3.9749999046325684

stripes
4
1.25
-3.9749999046325684
1.0499999523162842
-3.9749999046325684
1.0499999523162842
-4.0250000953674316
1.25
-4.0250000953674316

stripes
4
-4.0250000953674316
-3
-3.9749999046325684
-3
-3.9749999046325684
-2.7999999523162842
-4.0250000953674316
-2.7999999523162842

stripes
4
4.0250000953674316
-2.7999999523162842
3.9749999046325684
-2.7999999523162842
3.9749999046325684
-3
4.0250000953674316
-3

stripes
4
-4.0250000953674316
-2.6500000953674316
-3.9749999046325684
-2.6500000953674316
-3.9749999046325684
-2.4500000476837158
-4.0250000953674316
-2.4500000476837158

stripes
4
4.0250000953674316
-2.4500000476837158
3.9749999046325684
-2.4500000476837158
3.9749999046325684
-2.6500000953674316
4.0250000953674316
-2.6500000953674316

stripes
4
-4.0250000953674316
-2.2999999523162842
-3.9749999046325684
-2.2999999523162842
-3.9749999046325684
-2.0999999046325684
-4.0250000953674316
-2.0999999046325684

stripes
4
4.0250000953674316
-2.0999999046325684
3.9749999046325684
-2.0999999046325684
3.9749999046325684
-2.2999999523162842
4.0250000953674316
-2.2999999523162842

stripes
4
-4.0250000953674316
-1.9500000476837158
-3.9749999046325684
-1.9500000476837158
-3.9749999046325684
-1.75
-4.0250000953674316
-1.75

stripes
4
4.0250000953674316
-1.75
3.9749999046325684
-1.75
3.9749999046325684
-1.9500000476837158
4.0250000953674316
-1.9500000476837158

stripes
4
-4.0250000953674316
-1.6000000238418579
-3.9749999046325684
-1.6000000238418579
-3.9749999046325684
-1.3999999761581421
-4.0250000953674316
-1.3999999761581421

stripes
4
4.0250000953674316
-1.3999999761581421
3.9749999046325684
-1.3999999761581421
3.9749999046325684
-1.6000000238418579
4.0250000953674316
-1.6000000238418579

stripes
4
-4.0250000953674316
-1.25
-3.9749999046325684
-1.25
-3.9749999046325684
-1.0499999523162842
-4.0250000953674316
-1.0499999523162842

stripes
4
4.0250000953674316
-1.0499999523162842
3.9749999046325684
-1.0499999523162842
3.9749999046325684
-1.25
4.0250000953674316
-1.25

stripes
4
-4.0250000953674316
1
-3.9749999046325684
1
-3.9749999046325684
1.2000000476837158
-4.0250000953674316
1.2000000476837158

stripes
4
4.0250000953674316
1.2000000476837158
3.9749999046325684
1.2000000476837158
3.9749999046325684
1
4.0250000953674316
1

stripes
4
-4.0250000953674316
1.3500000238418579
-3.9749999046325684
1.3500000238418579
-3.9749999046325684
1.5499999523162842
-4.0250000953674316
1.5499999523162842

stripes
4
4.0250000953674316
1.5499999523162842
3.9749999046325684
1.5499999523162842
3.9749999046325684
1.3500000238418579
4.0250000953674316
1.3500000238418579

stripes
4
-4.0250000953674316
1.7000000476837158
-3.9749999046325684
1.7000000476837158
-3.9749999046325684
1.8999999761581421
-4.0250000953674316
1.8999999761581421

stripes
4
4.0250000953674316
1.8999999761581421
3.9749999046325684
1.8999999761581421
3.9749999046325684
1.7000000476837158
4.0250000953674316
1.7000000476837158

stripes
4
-4.0250000953674316
2.0499999523162842
-3.9749999046325684
2.0499999523162842
-3.9749999046325684
2.25
-4.0250000953674316
2.25

stripes
4
4.0250000953674316
2.25
3.9749999046325684
2.25
3.9749999046325684
2.0499999523162842
4.0250000953674316
2.0499999523162842

stripes
4
-4.0250000953674316
2.4000000953674316
-3.9749999046325684
2.4000000953674316
-3.9749999046325684
2.5999999046325684
-4.0250000953674316
2.5999999046325684

stripes
4
4.0250000953674316
2.5999999046325684
3.9749999046325684
2.5999999046325684
3.9749999046325684
2.4000000953674316
4.0250000953674316
2.4000000953674316

stripes
4
-4.0250000953674316
2.75
-3.9749999046325684
2.75
-3.9749999046325684
2.9500000476837158
-4.0250000953674316
2.9500000476837158

stripes
4
4.0250000953674316
2.9500000476837158
3.9749999046325684
2.9500000476837158
3.9749999046325684
2.75
4.0250000953674316
2.75

stripes
4
-4.0250000953674316
3
-3.9749999046325684
3
-3.9749999046325684
3.2000000476837158
-4.0250000953674316
3.2000000476837158

stripes
4
-4.0250000953674316
3.3499999046325684
-3.9749999046325684
3.3499999046325684
-3.9749999046325684
3.5499999523162842
-4.0250000953674316
3.5499999523162842

stripes
4
-4.0250000953674316
3.7000000476837158
-3.9749999046325684
3.7000000476837158
-3.9749999046325684
3.9000000953674316
-4.0250000953674316
3.9000000953674316

stripes
4
-4.0250000953674316
4.0500001907348633
-3.9749999046325684
4.0500001907348633
-3.9749999046325684
4.25
-4.0250000953674316
4.25

stripes
4
-4.0250000953674316
4.4000000953674316
-3.9749999046325684
4.4000000953674316
-3.9749999046325684
4.5999999046325684
-4.0250000953674316
4.5999999046325684

stripes
4
-4.0250000953674316
4.75
-3.9749999046325684
4.75
-3.9749999046325684
4.9499998092651367
-4.0250000953674316
4.9499998092651367

stripes
4
-3
5.9749999046325684
-2.7999999523162842
5.9749999046325684
-2.7999999523162842
6.0250000953674316
-3
6.0250000953674316

stripes
4
-2.6500000953674316
5.9749999046325684
-2.4500000476837158
5.9749999046325684
-2.4500000476837158
6.0250000953674316
-2.6500000953674316
6.0250000953674316

stripes
4
-2.2999999523162842
5.9749999046325684
-2.0999999046325684
5.9749999046325684
-2.0999999046325684
6.0250000953674316
-2.2999999523162842
6.0250000953674316

stripes
4
-1.9500000476837158
5.9749999046325684
-1.75
5.9749999046325684
-1.75
6.0250000953674316
-1.9500000476837158
6.0250000953674316

stripes
4
-1.6000000238418579
5.9749999046325684
-1.3999999761581421
5.9749999046325684
-1.3999999761581421
6.0250000953674316
-1.6000000238418579
6.0250000953674316

stripes
4
-1.25
5.9749999046325684
-1.0499999523162842
5.9749999046325684
-1.0499999523162842
6.0250000953674316
-1.25
6.0250000953674316

stripes
4
-0.89999997615814209
5.9749999046325684
-0.69999998807907104
5.9749999046325684
-0.69999998807907104
6.0250000953674316
-0.89999997615814209
6.0250000953674316

stripes
4
-0.55000001192092896
5.9749999046325684
-0.34999999403953552
5.9749999046325684
-0.34999999403953552
6.0250000953674316
-0.55000001192092896
6.0250000953674316

stripes
4
-0.20000000298023224
5.9749999046325684
3.8857805861880479E-16
5.9749999046325684
3.8857805861880479E-16
6.0250000953674316
-0.20000000298023224
6.0250000953674316

stripes
4
0.15000000596046448
5.9749999046325684
0.34999999403953552
5.9749999046325684
0.34999999403953552
6.0250000953674316
0.15000000596046448
6.0250000953674316

stripes
4
0.5
5.9749999046325684
0.69999998807907104
5.9749999046325684
0.69999998807907104
6.0250000953674316
0.5
6.0250000953674316

stripes
4
0.85000002384185791
5.9749999046325684
1.0499999523162842
5.9749999046325684
1.0499999523162842
6.0250000953674316
0.85000002384185791
6.0250000953674316

white
4
-4.8000001907348633
0.85000002384185791
-4
0.85000002384185791
-4
0.94999998807907104
-4.8000001907348633
0.94999998807907104

white
4
-4
-1
-3.2000000476837158
-1
-3.2000000476837158
-0.89999997615814209
-4
-0.89999997615814209

white
4
0
-1
0.80000001192092896
-1
0.80000001192092896
-0.89999997615814209
0
-0.89999997615814209

white
4
0
1
-0.80000001192092896
1
-0.80000001192092896
0.89999997615814209
1.2246063207351528E-17
0.89999997615814209

white
4
0
3
0.80000001192092896
3
0.80000001192092896
3.0999999046325684
0
3.0999999046325684

white
4
0
-3
-0.80000001192092896
-3
-0.80000001192092896
-3.0999999046325684
1.2246063207351528E-17
-3.0999999046325684

white
4
3.2000000476837158
0.85000002384185791
4
0.85000002384185791
4
0.94999998807907104
3.2000000476837158
0.94999998807907104

white
4
4
-1
4.8000001907348633
-1
4.8000001907348633
-0.89999997615814209
4
-0.89999997615814209

white
4
-1
-0.80000001192092896
-0.89999997615814209
-0.80000001192092896
-0.89999997615814209
0
-1
0

white
4
1
0.80000001192092896
0.89999997615814209
0.80000001192092896
0.89999997615814209
0
1
0

white
4
-3
0
-2.9000000953674316
0
-2.9000000953674316
0.80000001192092896
-3
0.80000001192092896

white
4
3
0
2.9000000953674316
-1.2246063207351528E-17
2.9000000953674316
-0.80000001192092896
3
-0.80000001192092896

white
4
-1
-4.8000001907348633
-0.89999997615814209
-4.8000001907348633
-0.89999997615814209
-4
-1
-4

white
4
1
-4
1.1000000238418579
-4
1.1000000238418579
-3.2000000476837158
1
-3.2000000476837158

crosswalk
4
-4.630000114440918
3
-4.5300002098083496
3
-4.5300002098083496
3.2999999523162842
-4.630000114440918
3.2999999523162842

crosswalk
4
-4.429999828338623
3
-4.3299999237060547
3
-4.3299999237060547
3.2999999523162842
-4.429999828338623
3.2999999523162842

crosswalk
4
-4.2300000190734863
3
-4.130000114440918
3
-4.130000114440918
3.2999999523162842
-4.2300000190734863
3.2999999523162842

crosswalk
4
-4.0300002098083496
3
-3.9300000667572021
3
-3.9300000667572021
3.2999999523162842
-4.0300002098083496
3.2999999523162842

crosswalk
4
-3.8299999237060547
3
-3.7300000190734863
3
-3.7300000190734863
3.2999999523162842
-3.8299999237060547
3.2999999523162842

crosswalk
4
-3.630000114440918
3
-3.5299999713897705
3
-3.5299999713897705
3.2999999523162842
-3.630000114440918
3.2999999523162842

crosswalk
4
-3.4300000667572021
3
-3.3299999237060547
3
-3.3299999237060547
3.2999999523162842
-3.4300000667572021
3.2999999523162842

crosswalk
4
-4.630000114440918
2.8499999046325684
-3.3299999237060547
2.8499999046325684
-3.3299999237060547
2.9500000476837158
-4.630000114440918
2.9500000476837158

crosswalk
4
-4.630000114440918
3.3499999046325684
-3.3299999237060547
3.3499999046325684
-3.3299999237060547
3.4500000476837158
-4.630000114440918
3.4500000476837158

parklines
4
-2.7999999523162842
2.9500000476837158
-2.75
2.9500000476837158
-2.75
4
-2.7999999523162842
4

parklines
4
-1.25
2.9500000476837158
-1.2000000476837158
2.9500000476837158
-1.2000000476837158
4
-1.25
4

parklines
4
-2.0250000953674316
3
-1.9750000238418579
3
-1.9750000238418579
3.2000000476837158
-2.0250000953674316
3.2000000476837158

parklines
4
-2.0250000953674316
3.25
-1.9750000238418579
3.25
-1.9750000238418579
3.4500000476837158
-2.0250000953674316
3.4500000476837158

parklines
4
-2.0250000953674316
3.5
-1.9750000238418579
3.5
-1.9750000238418579
3.7000000476837158
-2.0250000953674316
3.7000000476837158

parklines
4
-2.0250000953674316
3.75
-1.9750000238418579
3.75
-1.9750000238418579
3.9500000476837158
-2.0250000953674316
3.9500000476837158

parklines
4
-2.7999999523162842
3.9500000476837158
-1.2000000476837158
3.9500000476837158
-1.2000000476837158
4
-2.7999999523162842
4

parklines
4
-2.7999999523162842
2.9500000476837158
-1.2000000476837158
2.9500000476837158
-1.2000000476837158
3
-2.7999999523162842
3

parkletters
4
-2.2999999523162842
3.1500000953674316
-2.25
3.1500000953674316
-2.25
3.75
-2.2999999523162842
3.75

parkletters
4
-1.5
3.1500000953674316
-1.4500000476837158
3.1500000953674316
-1.4500000476837158
3.75
-1.5
3.75

parkletters
76
-2.2999999523162842
3.5499999523162842
-2.3174312114715576
3.549238920211792
-2.3347296714782715
3.5469615459442139
-2.3517637252807617
3.5431852340698242
-2.3684039115905762
3.5379385948181152
-2.3845236301422119
3.5312614440917969
-2.4000000953674316
3.523205041885376
-2.4147152900695801
3.5138304233551025
-2.4285576343536377
3.5032088756561279
-2.4414212703704834
3.4914214611053467
-2.4532089233398438
3.4785575866699219
-2.4638304710388184
3.4647152423858643
-2.4732050895690918
3.4500000476837158
-2.4812614917755127
3.4345235824584961
-2.4879386425018311
3.4184041023254395
-2.49318528175354
3.401763916015625
-2.4969615936279297
3.3847296237945557
-2.4992389678955078
3.3674311637878418
-2.5
3.3499999046325684
-2.4992389678955078
3.332568883895874
-2.4969615936279297
3.3152704238891602
-2.49318528175354
3.2982361316680908
-2.4879386425018311
3.2815959453582764
-2.4812614917755127
3.2654762268066406
-2.4732050895690918
3.25
-2.4638304710388184
3.2352848052978516
-2.4532089233398438
3.2214424610137939
-2.4414212703704834
3.2085785865783691
-2.4285576343536377
3.1967911720275879
-2.4147152900695801
3.1861696243286133
-2.4000000953674316
3.1767950057983398
-2.3845236301422119
3.1687383651733398
-2.3684039115905762
3.1620614528656006
-2.3517637252807617
3.1568148136138916
-2.3347296714782715
3.153038501739502
-2.3174312114715576
3.1507611274719238
-2.2999999523162842
3.1500000953674316
-2.2999999523162842
3.1500000953674316
-2.2999999523162842
3.2000000476837158
-2.2999999523162842
3.2000000476837158
-2.3130733966827393
3.200570821762085
-2.3260471820831299
3.2022788524627686
-2.3388228416442871
3.205111026763916
-2.3513031005859375
3.2090461254119873
-2.3633928298950195
3.2140538692474365
-2.375
3.2200961112976074
-2.3860363960266113
3.2271270751953125
-2.3964180946350098
3.235093355178833
-2.4060659408569336
3.2439339160919189
-2.4149067401885986
3.2535817623138428
-2.42287278175354
3.2639634609222412
-2.4299037456512451
3.2750000953674316
-2.4359462261199951
3.2866072654724121
-2.4409539699554443
3.2986969947814941
-2.4448888301849365
3.3111772537231445
-2.4477212429046631
3.3239526748657227
-2.4494292736053467
3.3369266986846924
-2.4500000476837158
3.3499999046325684
-2.4494292736053467
3.3630733489990234
-2.4477212429046631
3.3760471343994141
-2.4448888301849365
3.3888227939605713
-2.4409539699554443
3.4013030529022217
-2.4359462261199951
3.4133927822113037
-2.4299037456512451
3.4249999523162842
-2.42287278175354
3.4360363483428955
-2.4149067401885986
3.4464180469512939
-2.4060659408569336
3.4560661315917969
-2.3964180946350098
3.4649066925048828
-2.3860363960266113
3.4728727340698242
-2.375
3.4799036979675293
-2.3633928298950195
3.4859461784362793
-2.3513031005859375
3.4909539222717285
-2.3388228416442871
3.4948887825012207
-2.3260471820831299
3.4977211952209473
-2.3130733966827393
3.4994292259216309
-2.2999999523162842
3.5

parkletters
76
-1.5
3.5499999523162842
-1.5174311399459839
3.549238920211792
-1.5347295999526978
3.5469615459442139
-1.5517637729644775
3.5431852340698242
-1.5684040784835815
3.5379385948181152
-1.5845236778259277
3.5312614440917969
-1.6000000238418579
3.523205041885376
-1.6147153377532959
3.5138304233551025
-1.628557562828064
3.5032088756561279
-1.6414213180541992
3.4914214611053467
-1.65320885181427
3.4785575866699219
-1.6638303995132446
3.4647152423858643
-1.6732050180435181
3.4500000476837158
-1.6812615394592285
3.4345235824584961
-1.6879385709762573
3.4184041023254395
-1.6931852102279663
3.401763916015625
-1.696961522102356
3.3847296237945557
-1.6992388963699341
3.3674311637878418
-1.7000000476837158
3.3499999046325684
-1.6992388963699341
3.332568883895874
-1.696961522102356
3.3152704238891602
-1.6931852102279663
3.2982361316680908
-1.6879385709762573
3.2815959453582764
-1.6812615394592285
3.2654762268066406
-1.6732050180435181
3.25
-1.6638303995132446
3.2352848052978516
-1.65320885181427
3.2214424610137939
-1.6414213180541992
3.2085785865783691
-1.628557562828064
3.1967911720275879
-1.6147153377532959
3.1861696243286133
-1.6000000238418579
3.1767950057983398
-1.5845236778259277
3.1687383651733398
-1.5684040784835815
3.1620614528656006
-1.5517637729644775
3.1568148136138916
-1.5347295999526978
3.153038501739502
-1.5174311399459839
3.1507611274719238
-1.5
3.1500000953674316
-1.5
3.1500000953674316
-1.5
3.2000000476837158
-1.5
3.2000000476837158
-1.5130733251571655
3.200570821762085
-1.5260472297668457
3.2022788524627686
-1.5388228893280029
3.205111026763916
-1.5513030290603638
3.2090461254119873
-1.5633927583694458
3.2140538692474365
-1.5749999284744263
3.2200961112976074
-1.5860364437103271
3.2271270751953125
-1.5964181423187256
3.235093355178833
-1.6060659885406494
3.2439339160919189
-1.6149066686630249
3.2535817623138428
-1.6228728294372559
3.2639634609222412
-1.6299037933349609
3.2750000953674316
-1.6359461545944214
3.2866072654724121
-1.6409538984298706
3.2986969947814941
-1.6448888778686523
3.3111772537231445
-1.6477211713790894
3.3239526748657227
-1.6494292020797729
3.3369266986846924
-1.6499999761581421
3.3499999046325684
-1.6494292020797729
3.3630733489990234
-1.6477211713790894
3.3760471343994141
-1.6448888778686523
3.3888227939605713
-1.6409538984298706
3.4013030529022217
-1.6359461545944214
3.4133927822113037
-1.6299037933349609
3.4249999523162842
-1.6228728294372559
3.4360363483428955
-1.6149066686630249
3.4464180469512939
-1.6060659885406494
3.4560661315917969
-1.5964181423187256
3.4649066925048828
-1.5860364437103271
3.4728727340698242
-1.5750000476837158
3.4799036979675293
-1.5633927583694458
3.4859461784362793
-1.5513030290603638
3.4909539222717285
-1.5388228893280029
3.4948887825012207
-1.5260472297668457
3.4977211952209473
-1.5130733251571655
3.4994292259216309
-1.5
3.5

